BEGIN IONS
TITLE=MS_24_UO1_HCD20_5X25_EThcd_nondplserum_neutry3.117.117.4
RTINSECONDS=46.1922073
PEPMASS=711.870483398438 46800.13671875
CHARGE=4+
136.0741425 1897.9438476563
142.8987274 2369.7172851563
147.1579285 1850.0908203125
157.3507233 2331.0334472656
160.8428192 1782.5986328125
178.2299194 8588.0908203125
217.6347046 2232.5610351563
227.79422 2218.7729492188
279.3945618 2694.1970214844
285.7572021 2475.33203125
305.6066589 2523.21875
321.195282 2530.6000976563
548.2496948 2817.1586914063
583.7099609 2827.7292480469
601.6826782 3138.6889648438
615.6575317 4256.26953125
618.3530273 2692.4533691406
659.1159058 3824.5886230469
669.4089966 3125.6276855469
711.3442993 5395.2236328125
712.3950195 8459.4619140625
912.0276489 7952.6303710938
912.5280762 12333.1552734375
913.0253296 8000.9233398438
996.0768433 4266.5102539063
996.5748291 3274.1032714844
1421.895386 3306.4011230469
1491.433594 2771.8605957031
END IONS
BEGIN IONS
TITLE=MS_24_UO1_HCD20_5X25_EThcd_nondplserum_neutry3.118.118.3
RTINSECONDS=46.45771179
PEPMASS=754.012939453125 58614.2890625
CHARGE=3+
126.7806625 1835.5006103516
127.7363892 1558.2875976563
142.9919128 1951.3112792969
143.7452545 1753.2309570313
155.9586792 1830.2120361328
160.0203094 1750.1358642578
161.4908905 1738.4201660156
162.6233063 2314.5925292969
169.7286987 1938.0655517578
171.210144 2072.4907226563
204.6261139 2473.8403320313
295.102478 3417.5568847656
396.9328003 2312.5981445313
403.8377075 2350.1457519531
647.6850586 2706.9479980469
649.055603 2534.1625976563
652.6305542 3077.7065429688
665.6296387 2786.4384765625
670.6454468 3274.1877441406
687.6960449 2623.4633789063
697.588562 2566.884765625
718.0585327 3111.4089355469
728.5799561 2761.248046875
736.574646 3646.5690917969
745.0470581 3053.1694335938
748.0045776 2999.140625
748.3451538 5768.4931640625
753.1547852 3483.6079101563
753.8519287 3881.8322753906
754.0147705 14946.58984375
754.3482666 19217.525390625
754.6818237 16648.9140625
755.0183105 3582.9699707031
835.8961792 4334.2392578125
899.9244385 4834.6235351563
935.9371338 3205.9389648438
992.4633179 4519.3828125
992.960144 2961.9404296875
1426.304321 2787.0876464844
END IONS
BEGIN IONS
TITLE=MS_24_UO1_HCD20_5X25_EThcd_nondplserum_neutry3.314.314.4
RTINSECONDS=124.3543778
PEPMASS=711.870666503906 14220.583984375
CHARGE=4+
142.8988953 2548.5073242188
146.7232208 1905.6036376953
149.8026581 2291.2375488281
153.6558228 1897.9388427734
165.7157135 2292.0874023438
175.6135406 2658.0461425781
186.8430481 2457.8688964844
190.5744324 2240.0112304688
247.2654877 2401.1071777344
256.7388 2238.4406738281
266.0324707 2523.2790527344
273.9755554 2358.1320800781
335.4483032 2349.0817871094
356.1650391 4470.341796875
412.8164062 2397.4133300781
427.6686707 4678.3579101563
431.7780151 2386.0932617188
511.7131958 5819.009765625
566.3659058 3567.5949707031
601.8984375 2697.8515625
608.3552246 6505.8872070313
615.2851562 3143.2780761719
638.3320312 2997.083984375
650.6575317 3521.4418945313
655.1652832 3080.8342285156
666.6501465 3371.5122070313
683.6587524 3417.1408691406
703.1252441 4270.2705078125
711.6790161 3371.8989257813
712.3994751 7222.8115234375
712.5476074 4259.2241210938
912.0268555 15665.45703125
912.5300293 22559.30859375
913.0332642 10872.7119140625
913.5317993 3608.4055175781
947.8513794 2953.228515625
958.8718262 2869.6176757813
1063.652222 2826.2133789063
END IONS
BEGIN IONS
TITLE=MS_24_UO1_HCD20_5X25_EThcd_nondplserum_neutry3.317.317.4
RTINSECONDS=125.1849041
PEPMASS=712.120422363281 59313.0703125
CHARGE=4+
120.2295532 1517.5535888672
128.6582184 1884.0483398438
131.8800964 1750.5311279297
133.553772 1759.2337646484
134.1721191 1701.0909423828
136.3676453 1723.7067871094
142.8987732 2983.888671875
172.4182434 1947.0682373047
173.5798798 1992.7310791016
174.6720428 2169.7414550781
192.8244324 2082.1643066406
264.6219788 2421.5883789063
288.2232361 2265.6110839844
288.9972839 2141.2722167969
324.3838806 2294.2302246094
356.1637268 3433.8142089844
440.8398743 2530.4775390625
576.2816772 2827.4916992188
608.348877 2589.1281738281
608.6860352 6924.201171875
612.5916138 2588.1489257813
619.6200562 2616.2153320313
635.9689941 2743.3544921875
650.1318359 2837.853515625
652.2271118 2939.7241210938
662.6998901 4165.3295898438
666.0634766 2924.5009765625
688.0518799 3211.1154785156
692.1290283 3101.0324707031
712.3851929 3381.306640625
730.5427246 3694.9565429688
855.3239136 3015.7978515625
912.0258789 11616.50390625
912.5257568 11953.4873046875
913.0264893 10688.83203125
964.6799316 3096.3125
996.5730591 3733.4118652344
1455.381226 3128.072265625
END IONS
BEGIN IONS
TITLE=MS_24_UO1_HCD20_5X25_EThcd_nondplserum_neutry3.327.327.3
RTINSECONDS=128.7644146
PEPMASS=754.013549804688 17454.587890625
CHARGE=3+
123.5415878 1816.5615234375
125.8729095 1646.9852294922
126.3832474 1653.5087890625
142.8987579 4513.3442382813
155.827713 1985.5899658203
156.7691498 2031.6895751953
178.2151642 3385.2639160156
189.6366882 2223.7177734375
232.430481 2176.4313964844
239.0950775 3059.4013671875
249.123642 4175.0068359375
259.1094666 2585.2866210938
266.1993103 2574.1201171875
373.1505432 12744.7587890625
444.1877747 2575.4267578125
455.115448 2687.6977539063
640.2015381 3532.3996582031
711.3361816 5080.9125976563
711.8441162 3866.2150878906
714.1935425 3169.5546875
736.3346558 2717.1911621094
742.3373413 4939.5224609375
748.0111694 5930.56640625
748.3407593 4801.060546875
748.6707764 4904.4438476563
752.8912964 4669.7241210938
753.6196899 4747.716796875
754.0128784 19716.53515625
754.1488037 3060.2629394531
754.3447266 28835.185546875
754.6798706 25928.15625
755.0127563 14371.38671875
755.3554688 8134.3081054688
784.8776245 3725.0290527344
785.3724976 7420.2934570313
785.8782959 5013.3720703125
835.3956299 10771.166015625
835.9006958 8934.7958984375
836.4022217 10859.6298828125
899.918396 11495.57421875
900.4189453 14012.0556640625
900.9229126 4837.3569335938
935.4349365 3427.5812988281
935.9395142 7132.5766601563
992.4620361 6079.9721679688
992.9589844 11783.0185546875
993.4613037 7478.5126953125
END IONS